10, 10, 10, 10, 10, 10, 10, 10, 10, 10, 10, 10, 10, 10, 10, 106, 58, 58, 58, 58, 58, 58, 58, 58, 58, 58, 58, 58, 58, 58,
10, 10, 10, 10, 10, 10, 10, 10, 10, 10, 10, 10, 10, 10, 10, 106, 58, 58, 58, 58, 58, 58, 58, 58, 58, 58, 58, 58, 58, 58,
10, 10, 10, 10, 10, 10, 10, 10, 10, 10, 10, 10, 10, 10, 10, 106, 58, 58, 58, 58, 58, 58, 58, 58, 58, 58, 58, 58, 58, 58,
10, 10, 10, 10, 10, 10, 10, 10, 10, 10, 10, 10, 10, 10, 10, 106, 58, 58, 58, 58, 58, 58, 58, 58, 58, 58, 58, 58, 58, 58,
10, 10, 10, 10, 10, 10, 10, 10, 10, 10, 10, 10, 10, 10, 10, 106, 58, 58, 58, 58, 58, 58, 58, 58, 58, 58, 58, 58, 58, 58,
10, 10, 10, 10, 10, 10, 10, 10, 10, 10, 10, 10, 10, 10, 10, 106, 58, 58, 58, 58, 58, 58, 58, 58, 58, 58, 58, 58, 58, 58,
10, 10, 10, 10, 10, 10, 10, 10, 10, 10, 10, 10, 10, 10, 10, 106, 58, 58, 58, 58, 58, 58, 58, 58, 58, 58, 58, 58, 58, 58,
10, 10, 10, 10, 10, 10, 10, 10, 10, 10, 10, 10, 10, 10, 10, 106, 58, 58, 58, 58, 58, 58, 58, 58, 58, 58, 58, 58, 58, 58,
10, 10, 10, 10, 10, 10, 10, 10, 10, 10, 10, 10, 10, 10, 10, 106, 58, 58, 58, 58, 58, 58, 58, 58, 58, 58, 58, 58, 58, 58,
10, 10, 10, 10, 10, 10, 10, 10, 10, 10, 10, 10, 10, 10, 10, 106, 58, 58, 58, 58, 58, 58, 58, 58, 58, 58, 58, 58, 58, 58,
10, 10, 10, 10, 10, 10, 10, 10, 10, 10, 10, 10, 10, 10, 10, 106, 58, 58, 58, 58, 58, 58, 58, 58, 58, 58, 58, 58, 58, 58,
10, 10, 10, 10, 10, 10, 10, 10, 10, 10, 10, 10, 10, 10, 10, 106, 58, 58, 58, 58, 58, 58, 58, 58, 58, 58, 58, 58, 58, 58,
10, 10, 10, 10, 10, 10, 10, 10, 10, 10, 10, 10, 10, 10, 10, 106, 58, 58, 58, 58, 58, 58, 58, 58, 58, 58, 58, 58, 58, 58,
10, 10, 10, 10, 10, 10, 10, 10, 10, 10, 10, 10, 10, 10, 10, 106, 58, 58, 58, 58, 58, 58, 58, 58, 58, 58, 58, 58, 58, 58,
10, 10, 10, 10, 10, 10, 10, 10, 10, 10, 10, 10, 10, 10, 10, 106, 58, 58, 58, 58, 58, 58, 58, 58, 58, 58, 58, 58, 58, 58,
10, 10, 10, 10, 10, 10, 10, 10, 10, 10, 10, 10, 10, 10, 10, 106, 58, 58, 58, 58, 58, 58, 58, 58, 58, 58, 58, 58, 58, 58,
10, 10, 10, 10, 10, 10, 10, 10, 10, 10, 10, 10, 10, 10, 10, 106, 58, 58, 58, 58, 58, 58, 58, 58, 58, 58, 58, 58, 58, 58,
10, 10, 10, 10, 10, 10, 10, 10, 10, 10, 10, 10, 10, 10, 10, 106, 58, 58, 58, 58, 58, 58, 58, 58, 58, 58, 58, 58, 58, 58,
10, 10, 10, 10, 10, 10, 10, 10, 10, 10, 10, 10, 10, 10, 10, 106, 58, 58, 58, 58, 58, 58, 58, 58, 58, 58, 58, 58, 58, 58,
10, 10, 10, 10, 10, 10, 10, 10, 10, 10, 10, 10, 10, 10, 10, 106, 58, 58, 58, 58, 58, 58, 58, 58, 58, 58, 58, 58, 58, 58