145, 146, 146, 146, 146, 146, 146, 146, 146, 146, 146, 146, 146, 146, 146, 146, 146, 146, 146, 146, 146, 146, 146, 146, 146, 146, 146, 146, 146, 147,
153, 0, 0, 0, 0, 0, 0, 0, 0, 0, 0, 0, 0, 0, 0, 155, 0, 0, 0, 0, 0, 0, 0, 0, 0, 0, 0, 0, 0, 155,
153, 0, 0, 0, 0, 0, 0, 0, 0, 0, 0, 0, 0, 0, 0, 155, 0, 0, 0, 0, 0, 0, 0, 0, 0, 0, 0, 0, 0, 155,
153, 0, 0, 0, 0, 0, 0, 0, 0, 0, 0, 0, 0, 0, 0, 155, 0, 0, 0, 0, 0, 0, 0, 0, 0, 0, 0, 0, 0, 155,
153, 0, 0, 0, 0, 0, 148, 0, 0, 0, 0, 0, 0, 0, 0, 155, 0, 0, 0, 0, 0, 0, 0, 148, 0, 0, 0, 0, 0, 155,
153, 0, 0, 0, 0, 0, 155, 0, 0, 0, 0, 0, 0, 0, 0, 155, 0, 0, 0, 0, 0, 0, 0, 155, 0, 0, 0, 0, 0, 155,
153, 0, 0, 0, 0, 200, 155, 0, 0, 0, 0, 0, 0, 0, 0, 155, 0, 0, 0, 0, 0, 0, 0, 155, 200, 0, 0, 0, 0, 155,
153, 0, 0, 0, 0, 0, 155, 0, 0, 0, 0, 0, 0, 0, 0, 155, 0, 0, 0, 0, 0, 0, 0, 155, 0, 0, 0, 0, 0, 155,
153, 0, 0, 0, 0, 0, 164, 0, 0, 0, 0, 0, 0, 0, 0, 164, 0, 0, 0, 0, 0, 0, 0, 164, 0, 0, 0, 0, 0, 155,
153, 213, 0, 0, 0, 0, 0, 0, 0, 0, 0, 0, 0, 0, 0, 0, 0, 0, 0, 0, 0, 0, 0, 0, 0, 0, 0, 0, 193, 155,
153, 186, 0, 0, 0, 0, 0, 0, 0, 0, 0, 0, 0, 0, 0, 0, 0, 0, 0, 0, 0, 0, 0, 0, 0, 0, 0, 0, 185, 155,
153, 0, 0, 0, 0, 0, 148, 0, 0, 0, 0, 0, 0, 0, 0, 148, 0, 0, 0, 0, 0, 0, 0, 148, 0, 0, 0, 0, 0, 155,
153, 0, 0, 0, 0, 0, 155, 0, 0, 0, 0, 0, 0, 0, 0, 155, 0, 0, 0, 0, 0, 0, 0, 155, 0, 0, 0, 0, 0, 155,
153, 0, 0, 0, 0, 200, 155, 0, 0, 0, 0, 0, 0, 0, 0, 155, 0, 0, 0, 0, 0, 0, 0, 155, 200, 0, 0, 0, 0, 155,
153, 0, 0, 0, 0, 0, 155, 0, 0, 0, 0, 0, 0, 0, 0, 155, 0, 0, 0, 0, 0, 0, 0, 155, 0, 0, 0, 0, 0, 155,
153, 0, 0, 0, 0, 0, 164, 0, 0, 0, 0, 0, 0, 0, 0, 156, 0, 0, 0, 0, 0, 0, 0, 164, 0, 0, 0, 0, 0, 155,
153, 0, 0, 0, 0, 0, 0, 0, 0, 0, 0, 0, 0, 0, 0, 155, 0, 0, 0, 0, 0, 0, 0, 0, 0, 0, 0, 0, 0, 155,
153, 0, 0, 0, 0, 0, 0, 0, 0, 0, 0, 0, 0, 0, 0, 155, 0, 0, 0, 0, 0, 0, 0, 0, 0, 0, 0, 0, 0, 155,
153, 0, 0, 0, 0, 0, 0, 0, 0, 0, 0, 0, 0, 0, 0, 155, 0, 0, 0, 0, 0, 0, 0, 0, 0, 0, 0, 0, 0, 155,
161, 162, 162, 162, 162, 162, 162, 162, 162, 162, 162, 162, 162, 162, 162, 162, 162, 162, 162, 162, 162, 162, 162, 162, 162, 162, 162, 162, 162, 163